日期,週次,新增確診,每週新增確診,確診總人數,不明性別,不明總數,新增男性,男性總數,確診男性率,新增女性,女性總數,確診女性率,新增軍人,敦睦總人數,軍隊率,新增境外,境外總人數,境外率,新增本土,本土總人數,本土率,新增死亡,死亡總人數,死亡率,當日未知感染源數,未知感染源總數,已知感染源數,新增解除隔離,解除隔離數,解除隔離+死亡,未解除隔離數,備註,,,
,,,,,,,,,,,,,,,,,,,,,,,,,,,,,,,,,,境外總人數,350
01月21日 星期二,4,+1,,1,+0,0,+0,0,0.00%,+1,1,100.00%,+0,0,0.00%,+1,1,100.00%,+0,0,0.00%,+0,0,0.00%,+0,0,1,,0,0,1,,,本土總人數,55
01月22日 星期三,4,+0,,1,+0,0,+0,0,0.00%,+0,1,100.00%,+0,0,0.00%,+0,1,100.00%,+0,0,0.00%,+0,0,0.00%,+0,0,1,+0,0,0,1,,,敦睦總人數,36
01月23日 星期四,4,+0,,1,+0,0,+0,0,0.00%,+0,1,100.00%,+0,0,0.00%,+0,1,100.00%,+0,0,0.00%,+0,0,0.00%,+0,0,1,+0,0,0,1,,,總人數,441
01月24日 星期五,4,+2,,3,+0,0,+1,1,33.33%,+1,2,66.67%,+0,0,0.00%,+2,3,100.00%,+0,0,0.00%,+0,0,0.00%,+0,0,3,+0,0,0,3,,,解隔離,419
01月25日 星期六,4,+0,+3,3,+0,0,+0,1,33.33%,+0,2,66.67%,+0,0,0.00%,+0,3,100.00%,+0,0,0.00%,+0,0,0.00%,+0,0,3,+0,0,0,3,,,死亡,7
01月26日 星期日,5,+1,,4,+0,0,+0,1,25.00%,+1,3,75.00%,+0,0,0.00%,+1,4,100.00%,+0,0,0.00%,+0,0,0.00%,+0,0,4,+0,0,0,4,,,未解隔離,15
01月27日 星期一,5,+1,,5,+0,0,+0,1,20.00%,+1,4,80.00%,+0,0,0.00%,+1,5,100.00%,+0,0,0.00%,+0,0,0.00%,+0,0,5,+0,0,0,5,,,治癒率,96.54%
01月28日 星期二,5,+3,,8,+0,0,+1,2,25.00%,+2,6,75.00%,+0,0,0.00%,+2,7,87.50%,+1,1,12.50%,+0,0,0.00%,+0,0,8,+0,0,0,8,,,,
01月29日 星期三,5,+0,,8,+0,0,+0,2,25.00%,+0,6,75.00%,+0,0,0.00%,+0,7,87.50%,+0,1,12.50%,+0,0,0.00%,+0,0,8,+0,0,0,8,,,,
01月30日 星期四,5,+1,,9,+0,0,+0,2,22.22%,+1,7,77.78%,+0,0,0.00%,+0,7,77.78%,+1,2,22.22%,+0,0,0.00%,+0,0,9,+0,0,0,9,,,,
01月31日 星期五,5,+1,,10,+0,0,+1,3,30.00%,+0,7,70.00%,+0,0,0.00%,+1,8,80.00%,+0,2,20.00%,+0,0,0.00%,+0,0,10,+0,0,0,10,,,,
02月01日 星期六,5,+0,+7,10,+0,0,+0,3,30.00%,+0,7,70.00%,+0,0,0.00%,+0,8,80.00%,+0,2,20.00%,+0,0,0.00%,+0,0,10,+0,0,0,10,,,,
02月02日 星期日,6,+0,,10,+0,0,+0,3,30.00%,+0,7,70.00%,+0,0,0.00%,+0,8,80.00%,+0,2,20.00%,+0,0,0.00%,+0,0,10,+0,0,0,10,,,,
02月03日 星期一,6,+0,,10,+0,0,+0,3,30.00%,+0,7,70.00%,+0,0,0.00%,+0,8,80.00%,+0,2,20.00%,+0,0,0.00%,+0,0,10,+0,0,0,10,,,,
02月04日 星期二,6,+1,,11,+0,0,+1,4,36.36%,+0,7,63.64%,+0,0,0.00%,+1,9,81.82%,+0,2,18.18%,+0,0,0.00%,+0,0,11,+0,0,0,11,,,,
02月05日 星期三,6,+0,,11,+0,0,+0,4,36.36%,+0,7,63.64%,+0,0,0.00%,+0,9,81.82%,+0,2,18.18%,+0,0,0.00%,+0,0,11,+0,0,0,11,,,,
02月06日 星期四,6,+5,,16,+0,0,+2,6,37.50%,+3,10,62.50%,+0,0,0.00%,+5,14,87.50%,+0,2,12.50%,+0,0,0.00%,+0,0,16,+1,1,1,15,,,,
02月07日 星期五,6,+0,,16,+0,0,+0,6,37.50%,+0,10,62.50%,+0,0,0.00%,+0,14,87.50%,+0,2,12.50%,+0,0,0.00%,+0,0,16,+0,1,1,15,,,,
02月08日 星期六,6,+1,+7,17,+0,0,+1,7,41.18%,+0,10,58.82%,+0,0,0.00%,+1,15,88.24%,+0,2,11.76%,+0,0,0.00%,+0,0,17,+0,1,1,16,,,,
02月09日 星期日,7,+1,,18,+0,0,+1,8,44.44%,+0,10,55.56%,+0,0,0.00%,+1,16,88.89%,+0,2,11.11%,+0,0,0.00%,+0,0,18,+0,1,1,17,,,,
02月10日 星期一,7,+0,,18,+0,0,+0,8,44.44%,+0,10,55.56%,+0,0,0.00%,+0,16,88.89%,+0,2,11.11%,+0,0,0.00%,+0,0,18,+0,1,1,17,,,,
02月11日 星期二,7,+0,,18,+0,0,+0,8,44.44%,+0,10,55.56%,+0,0,0.00%,+0,16,88.89%,+0,2,11.11%,+0,0,0.00%,+0,0,18,+0,1,1,17,,,,
02月12日 星期三,7,+0,,18,+0,0,+0,8,44.44%,+0,10,55.56%,+0,0,0.00%,+0,16,88.89%,+0,2,11.11%,+0,0,0.00%,+0,0,18,+0,1,1,17,,,,
02月13日 星期四,7,+0,,18,+0,0,+0,8,44.44%,+0,10,55.56%,+0,0,0.00%,+0,16,88.89%,+0,2,11.11%,+0,0,0.00%,+0,0,18,+0,1,1,17,,,,
02月14日 星期五,7,+0,,18,+0,0,+0,8,44.44%,+0,10,55.56%,+0,0,0.00%,+0,16,88.89%,+0,2,11.11%,+0,0,0.00%,+0,0,18,+0,1,1,17,,,,
02月15日 星期六,7,+0,+1,18,+0,0,+0,8,44.44%,+0,10,55.56%,+0,0,0.00%,+0,16,88.89%,+0,2,11.11%,+1,1,5.56%,+0,0,18,+1,2,3,15,,,,
02月16日 星期日,8,+2,,20,+0,0,+2,10,50.00%,+0,10,50.00%,+0,0,0.00%,+0,16,80.00%,+2,4,20.00%,+0,1,5.00%,+0,0,20,+0,2,3,17,#19未知感染源,,,
02月17日 星期一,8,+2,,22,+0,0,+1,11,50.00%,+1,11,50.00%,+0,0,0.00%,+0,16,72.73%,+2,6,27.27%,+0,1,4.55%,+0,0,22,+0,2,3,19,,,,
02月18日 星期二,8,+0,,22,+0,0,+0,11,50.00%,+0,11,50.00%,+0,0,0.00%,+0,16,72.73%,+0,6,27.27%,+0,1,4.55%,+0,0,22,+0,2,3,19,,,,
02月19日 星期三,8,+2,,24,+0,0,+0,11,45.83%,+2,13,54.17%,+0,0,0.00%,+0,16,66.67%,+2,8,33.33%,+0,1,4.17%,+1,1,23,+0,2,3,21,#24未知感染源,,,
02月20日 星期四,8,+0,,24,+0,0,+0,11,45.83%,+0,13,54.17%,+0,0,0.00%,+0,16,66.67%,+0,8,33.33%,+0,1,4.17%,+0,1,23,+0,2,3,21,,,,
02月21日 星期五,8,+2,,26,+0,0,+0,11,42.31%,+2,15,57.69%,+0,0,0.00%,+0,16,61.54%,+2,10,38.46%,+0,1,3.85%,+0,1,25,+0,2,3,23,,,,
02月22日 星期六,8,+0,+8,26,+0,0,+0,11,42.31%,+0,15,57.69%,+0,0,0.00%,+0,16,61.54%,+0,10,38.46%,+0,1,3.85%,+0,1,25,+0,2,3,23,#19找出感染源(浙江台商),,,
02月23日 星期日,9,+2,,28,+0,0,+2,13,46.43%,+0,15,53.57%,+0,0,0.00%,+0,16,57.14%,+2,12,42.86%,+0,1,3.57%,+1,2,26,+3,5,6,22,,,,
02月24日 星期一,9,+2,,30,+0,0,+1,14,46.67%,+1,16,53.33%,+0,0,0.00%,+0,16,53.33%,+2,14,46.67%,+0,1,3.33%,+0,2,28,+0,5,6,24,,,,
02月25日 星期二,9,+1,,31,+0,0,+1,15,48.39%,+0,16,51.61%,+0,0,0.00%,+0,16,51.61%,+1,15,48.39%,+0,1,3.23%,+0,2,29,+0,5,6,25,,,,
02月26日 星期三,9,+1,,32,+0,0,+0,15,46.88%,+1,17,53.13%,+0,0,0.00%,+0,16,50.00%,+1,16,50.00%,+0,1,3.13%,+0,2,30,+0,5,6,26,,,,
02月27日 星期四,9,+0,,32,+0,0,+0,15,46.88%,+0,17,53.13%,+0,0,0.00%,+0,16,50.00%,+0,16,50.00%,+0,1,3.13%,+0,2,30,+0,5,6,26,,,,
02月28日 星期五,9,+2,,34,+0,0,+1,16,47.06%,+1,18,52.94%,+0,0,0.00%,+1,17,50.00%,+1,17,50.00%,+0,1,2.94%,+1,3,31,+4,9,10,24,#34 院內感染未知感染源,,,
02月29日 星期六,9,+5,+13,39,+0,0,+0,16,41.03%,+5,23,58.97%,+0,0,0.00%,+1,18,46.15%,+4,21,53.85%,+0,1,2.56%,+0,3,36,+0,9,10,29,,,,
03月01日 星期日,10,+1,,40,+0,0,+0,16,40.00%,+1,24,60.00%,+0,0,0.00%,+1,19,47.50%,+0,21,52.50%,+0,1,2.50%,+0,3,37,+3,12,13,27,,,,
03月02日 星期一,10,+1,,41,+0,0,+0,16,39.02%,+1,25,60.98%,+0,0,0.00%,+0,19,46.34%,+1,22,53.66%,+0,1,2.44%,+0,3,38,+0,12,13,28,,,,
03月03日 星期二,10,+1,,42,+0,0,+0,16,38.10%,+1,26,61.90%,+0,0,0.00%,+0,19,45.24%,+1,23,54.76%,+0,1,2.38%,+0,3,39,+0,12,13,29,,,,
03月04日 星期三,10,+0,,42,+0,0,+0,16,38.10%,+0,26,61.90%,+0,0,0.00%,+0,19,45.24%,+0,23,54.76%,+0,1,2.38%,+0,3,39,+0,12,13,29,,,,
03月05日 星期四,10,+2,,44,+0,0,+1,17,38.64%,+1,27,61.36%,+0,0,0.00%,+1,20,45.45%,+1,24,54.55%,+0,1,2.27%,+0,3,41,+0,12,13,31,,,,
03月06日 星期五,10,+1,,45,+0,0,+0,17,37.78%,+1,28,62.22%,+0,0,0.00%,+0,20,44.44%,+1,25,55.56%,+0,1,2.22%,+0,3,42,+3,15,16,29,12名出院,,,
03月07日 星期六,10,+0,+6,45,+0,0,+0,17,37.78%,+0,28,62.22%,+0,0,0.00%,+0,20,44.44%,+0,25,55.56%,+0,1,2.22%,+0,3,42,+0,15,16,29,,,,
03月08日 星期日,11,+0,,45,+0,0,+0,17,37.78%,+0,28,62.22%,+0,0,0.00%,+0,20,44.44%,+0,25,55.56%,+0,1,2.22%,+0,3,42,+0,15,16,29,,,,
03月09日 星期一,11,+0,,45,+0,0,+0,17,37.78%,+0,28,62.22%,+0,0,0.00%,+0,20,44.44%,+0,25,55.56%,+0,1,2.22%,+0,3,42,+0,15,16,29,,,,
03月10日 星期二,11,+2,,47,+0,0,+2,19,40.43%,+0,28,59.57%,+0,0,0.00%,+1,21,44.68%,+1,26,55.32%,+0,1,2.13%,+0,3,44,+2,17,18,29,,,,
03月11日 星期三,11,+1,,48,+0,0,+0,19,39.58%,+1,29,60.42%,+0,0,0.00%,+1,22,45.83%,+0,26,54.17%,+0,1,2.08%,+0,3,45,+0,17,18,30,,,,
03月12日 星期四,11,+1,,49,+0,0,+0,19,38.78%,+1,30,61.22%,+0,0,0.00%,+1,23,46.94%,+0,26,53.06%,+0,1,2.04%,+0,3,46,+3,20,21,28,,,,
03月13日 星期五,11,+1,,50,+0,0,+1,20,40.00%,+0,30,60.00%,+0,0,0.00%,+0,23,46.00%,+1,27,54.00%,+0,1,2.00%,+0,3,47,+0,20,21,29,,,,
03月14日 星期六,11,+3,+8,53,+0,0,+3,23,43.40%,+0,30,56.60%,+0,0,0.00%,+3,26,49.06%,+0,27,50.94%,+0,1,1.89%,+0,3,50,+0,20,21,32,,,,
03月15日 星期日,12,+6,,59,+0,0,+4,27,45.76%,+2,32,54.24%,+0,0,0.00%,+6,32,54.24%,+0,27,45.76%,+0,1,1.69%,+0,3,56,+0,20,21,38,,,,
03月16日 星期一,12,+8,,67,+0,0,+3,30,44.78%,+5,37,55.22%,+0,0,0.00%,+8,40,59.70%,+0,27,40.30%,+0,1,1.49%,+0,3,64,+2,22,23,44,,,,
03月17日 星期二,12,+10,,77,+0,0,+5,35,45.45%,+5,42,54.55%,+0,0,0.00%,+10,50,64.94%,+0,27,35.06%,+0,1,1.30%,+0,3,74,+0,22,23,54,,,,
03月18日 星期三,12,+23,,100,+0,0,+10,45,45.00%,+13,55,55.00%,+0,0,0.00%,+21,71,71.00%,+2,29,29.00%,+0,1,1.00%,+1,4,96,+0,22,23,77,#100未知感染源,,,
03月19日 星期四,12,+8,,108,+0,0,+6,51,47.22%,+2,57,52.78%,+0,0,0.00%,+7,78,72.22%,+1,30,27.78%,+0,1,0.93%,+0,4,104,+4,26,27,81,,,,
03月20日 星期五,12,+27,,135,+0,0,+10,61,45.19%,+17,74,54.81%,+0,0,0.00%,+24,102,75.56%,+3,33,24.44%,+1,2,1.48%,+1,5,130,+2,28,30,105,"#124,#134未知感染源",,,
03月21日 星期六,12,+18,+100,153,+0,0,+6,67,43.79%,+12,86,56.21%,+0,0,0.00%,+18,120,78.43%,+0,33,21.57%,+0,2,1.31%,+0,5,148,+0,28,30,123,,,,
03月22日 星期日,13,+16,,169,+0,0,+9,76,44.97%,+7,93,55.03%,+0,0,0.00%,+13,133,78.70%,+3,36,21.30%,+0,2,1.18%,+1,6,163,+0,28,30,139,"#124←#160,#156護理師尚未知",,,
03月23日 星期一,13,+26,,195,+0,0,+12,88,45.13%,+14,107,54.87%,+0,0,0.00%,+25,158,81.03%,+1,37,18.97%,+0,2,1.03%,+0,6,189,+1,29,31,164,,,,
03月24日 星期二,13,+21,,216,+0,0,+8,96,44.44%,+13,120,55.56%,+0,0,0.00%,+20,178,82.41%,+1,38,17.59%,+0,2,0.93%,+0,6,210,+0,29,31,185,,,,
03月25日 星期三,13,+19,,235,+0,0,+7,103,43.83%,+12,132,56.17%,+0,0,0.00%,+19,197,83.83%,+0,38,16.17%,+0,2,0.85%,+0,6,229,+0,29,31,204,,,,
03月26日 星期四,13,+17,,252,+0,0,+9,112,44.44%,+8,140,55.56%,+0,0,0.00%,+15,212,84.13%,+2,40,15.87%,+0,2,0.79%,+0,6,246,+0,29,31,221,,,,
03月27日 星期五,13,+15,,267,+0,0,+9,121,45.32%,+6,146,54.68%,+0,0,0.00%,+15,227,85.02%,+0,40,14.98%,+0,2,0.75%,+0,6,261,+1,30,32,235,,,,
03月28日 星期六,13,+16,+130,283,+0,0,+7,128,45.23%,+9,155,54.77%,+0,0,0.00%,+14,241,85.16%,+2,42,14.84%,+0,2,0.71%,+1,7,276,+0,30,32,251,"#268,#269未知感染源",,,
03月29日 星期日,14,+15,,298,+0,0,+9,137,45.97%,+6,161,54.03%,+0,0,0.00%,+14,255,85.57%,+1,43,14.43%,+3,5,1.68%,+0,7,291,+9,39,44,254,#269←#277(觀光局官員兒子),,,
03月30日 星期一,14,+8,,306,+0,0,+5,142,46.41%,+3,164,53.59%,+0,0,0.00%,+7,262,85.62%,+1,44,14.38%,+0,5,1.63%,+0,7,299,+0,39,44,262,,,,
03月31日 星期二,14,+16,,322,+0,0,+9,151,46.89%,+7,171,53.11%,+0,0,0.00%,+14,276,85.71%,+2,46,14.29%,+0,5,1.55%,+1,8,314,+0,39,44,278,#322未知感染源,,,
04月01日 星期三,14,+7,,329,+0,0,+3,154,46.81%,+4,175,53.19%,+0,0,0.00%,+7,283,86.02%,+0,46,13.98%,+0,5,1.52%,+0,8,321,+6,45,50,279,,,,
04月02日 星期四,14,+10,,339,+0,0,+7,161,47.49%,+3,178,52.51%,+0,0,0.00%,+8,291,85.84%,+2,48,14.16%,+0,5,1.47%,+1,9,330,+5,50,55,284,#336未知感染源,,,
04月03日 星期五,14,+9,,348,+0,0,+2,163,46.84%,+7,185,53.16%,+0,0,0.00%,+7,298,85.63%,+2,50,14.37%,+0,5,1.44%,+0,9,339,+0,50,55,293,#343待釐清,,,
04月04日 星期六,14,+7,+72,355,+0,0,+3,166,46.76%,+4,189,53.24%,+0,0,0.00%,+6,304,85.63%,+1,51,14.37%,+0,5,1.41%,+0,9,346,+0,50,55,300,#352未知感染源,,,
04月05日 星期日,15,+8,,363,+0,0,+4,170,46.83%,+4,193,53.17%,+0,0,0.00%,+8,312,85.95%,+0,51,14.05%,+0,5,1.38%,+0,9,354,+4,54,59,304,"#343←#356,#352←#301",,,
04月06日 星期一,15,+10,,373,+0,0,+6,176,47.18%,+4,197,52.82%,+0,0,0.00%,+9,321,86.06%,+1,52,13.94%,+0,5,1.34%,+0,9,364,+3,57,62,311,,,,
04月07日 星期二,15,+3,,376,+0,0,+1,177,47.07%,+2,199,52.93%,+0,0,0.00%,+3,324,86.17%,+0,52,13.83%,+0,5,1.33%,+0,9,367,+4,61,66,310,,,,
04月08日 星期三,15,+3,,379,+0,0,+0,177,46.70%,+3,202,53.30%,+0,0,0.00%,+2,326,86.02%,+1,53,13.98%,+0,5,1.32%,+1,10,369,+6,67,72,307,#379未知感染源,,,
04月09日 星期四,15,+1,,380,+0,0,+1,178,46.84%,+0,202,53.16%,+0,0,0.00%,+0,326,85.79%,+1,54,14.21%,+1,6,1.58%,+0,10,370,+13,80,86,294,,,,
04月10日 星期五,15,+2,,382,+0,0,+1,179,46.86%,+1,203,53.14%,+0,0,0.00%,+2,328,85.86%,+0,54,14.14%,+0,6,1.57%,+0,10,372,+11,91,97,285,,,,
04月11日 星期六,15,+3,+30,385,+0,0,+2,181,47.01%,+1,204,52.99%,+0,0,0.00%,+3,331,85.97%,+0,54,14.03%,+0,6,1.56%,+0,10,375,+8,99,105,280,,,,
04月12日 星期日,16,+3,,388,+0,0,+2,183,47.16%,+1,205,52.84%,+0,0,0.00%,+2,333,85.82%,+1,55,14.18%,+0,6,1.55%,+0,10,378,+10,109,115,273,,,,
04月13日 星期一,16,+5,,393,+0,0,+2,185,47.07%,+3,208,52.93%,+0,0,0.00%,+5,338,86.01%,+0,55,13.99%,+0,6,1.53%,+0,10,383,+5,114,120,273,,,,
04月14日 星期二,16,+0,,393,+0,0,+0,185,47.07%,+0,208,52.93%,+0,0,0.00%,+0,338,86.01%,+0,55,13.99%,+0,6,1.53%,+0,10,383,+10,124,130,263,,,,
04月15日 星期三,16,+2,,395,+0,0,+0,185,46.84%,+2,210,53.16%,+0,0,0.00%,+2,340,86.08%,+0,55,13.92%,+0,6,1.52%,+0,10,385,+13,137,143,252,,,,
04月16日 星期四,16,+0,,395,+0,0,+0,185,46.84%,+0,210,53.16%,+0,0,0.00%,+0,340,86.08%,+0,55,13.92%,+0,6,1.52%,+0,10,385,+18,155,161,234,,,,
04月17日 星期五,16,+0,,395,+0,0,+0,185,46.84%,+0,210,53.16%,+0,0,0.00%,+0,340,86.08%,+0,55,13.92%,+0,6,1.52%,+0,10,385,+11,166,172,223,,,,
04月18日 星期六,16,+3,+13,398,+0,0,+3,188,47.24%,+0,210,52.76%,+3,3,0.75%,+0,340,85.